Camera Matrix:
     [[1.43286627e+03 0.00000000e+00 6.19210057e+02]
     [0.00000000e+00 1.43163997e+03 4.74129788e+02]
     [0.00000000e+00 0.00000000e+00 1.00000000e+00]]

Distortion Coefficients:
     [[ 0.01496211  0.4910759  -0.00358785  0.00117829 -0.38603026]]
Rotation Vector:
    [array([[ 1.31427202], [-0.28468211], [-2.7098242 ]]),
     array([[-0.94124764], [ 0.84059882], [ 2.87076504]]),
     array([[ 0.52636198], [-0.32081722], [-3.01407509]]),
     array([[-0.77021693], [ 1.43213707], [ 2.39281511]]),
     array([[-0.51709533], [ 0.49206148], [ 2.47263529]]),
     array([[-0.32573298], [ 0.27277629], [ 3.10883512]]),
     array([[-0.18273294], [ 0.21021351], [ 1.81937629]]),
     array([[-0.13176249], [ 0.3041304 ], [ 0.91914355]]),
     array([[-0.38087446], [ 0.41737249], [ 2.22448824]]),
     array([[-0.51536042], [ 0.23902578], [ 3.06475364]]),
     array([[-0.1746394 ], [ 0.01573609], [ 2.87159905]]),
     array([[ 0.87183144], [-0.12966949], [-2.88091005]])]
Translation Vector:
    [array([[ 2.77870069], [ 3.94036228], [17.58456453]]),
     array([[ 4.09574794], [ 3.10312413], [15.39455527]]),
     array([[ 3.07365889], [ 3.6071976 ], [19.40826189]]),
     array([[ 4.90264195], [ 2.35605969], [14.61910062]]),
     array([[ 4.89813259], [ 0.16166217], [18.61910499]]),
     array([[ 4.45314395], [ 2.24224687], [15.39862898]]),
     array([[ 4.88844447], [-3.98736186], [20.75424300]]),
     array([[ 1.39756224], [-5.4802519 ], [21.38256927]]),
     array([[ 5.24405854], [-1.34788278], [19.49768046]]),
     array([[ 6.43011294], [2.37121264],  [19.26030807]]),
     array([[ 5.21296061], [-2.99082495], [26.94620225]]),
     array([[ 3.98391851], [ 3.60469797], [15.82027909]])]
